village_id,all_text
10008060001,"2024年總統大選結果：該區和全國結果相同，由民進黨賴清德以37.2%的得票率領先，第二高票為國民黨侯友宜，拿下34.2%，兩人相差3個百分點。第三高票為民眾黨柯文哲，得票率達28.6%。
歷史選舉對比：2020年總統大選時，該區由民進黨蔡英文領先，得票率達55.5％；2016年總統大選該區也同樣支持民進黨，蔡英文得票率達55.5%。
2024年立委選舉：南投縣名間鄉南雅村所屬的南投縣第2選區，民進黨蔡培慧以49.1%領先，國民黨游顥以得票率48.4%為第二高票。政黨票方面，國民黨以35.6％在該區取得領先，其後為民進黨35.4%、民眾黨23.4%。
社會經濟背景：該區39歲以下人口佔比約31.7%，相較全國，是較年輕的村里。具有大專以上學歷人口佔比約為40.1%，相較全國，是高學歷人口佔比偏低的村里。綜合所得中位數為40.3萬元，相較全國，是收入較低的村里。"
10008060002,"2024年總統大選結果：該區和全國結果相同，由民進黨賴清德以40.1%的得票率領先，第二高票為國民黨侯友宜，拿下33%，兩人相差7.1個百分點。第三高票為民眾黨柯文哲，得票率達26.9%。
歷史選舉對比：2020年總統大選時，該區由民進黨蔡英文領先，得票率達57.6％；2016年總統大選該區也同樣支持民進黨，蔡英文得票率達59.4%。
2024年立委選舉：南投縣名間鄉中正村所屬的南投縣第2選區，民進黨蔡培慧以48.9%領先，國民黨游顥以得票率48.3%為第二高票。政黨票方面，民進黨以36.3％在該區取得領先，其後為國民黨36.2%、民眾黨21%。
社會經濟背景：該區39歲以下人口佔比約32.9%，相較全國，是較年輕的村里。具有大專以上學歷人口佔比約為39.3%，相較全國，是高學歷人口佔比偏低的村里。綜合所得中位數為43.1萬元，接近全國平均。"
10008060003,"2024年總統大選結果：該區和全國結果相同，由民進黨賴清德以40.2%的得票率領先，第二高票為國民黨侯友宜，拿下33%，兩人相差7.2個百分點。第三高票為民眾黨柯文哲，得票率達26.8%。
歷史選舉對比：2020年總統大選時，該區由民進黨蔡英文領先，得票率達54.6％；2016年總統大選該區也同樣支持民進黨，蔡英文得票率達57.4%。
2024年立委選舉：南投縣名間鄉中山村所屬的南投縣第2選區，民進黨蔡培慧以49.6%領先，國民黨游顥以得票率47.5%為第二高票。政黨票方面，民進黨以37.1％在該區取得領先，其後為國民黨36.4%、民眾黨20.9%。
社會經濟背景：該區39歲以下人口佔比約32.9%，相較全國，是較年輕的村里。具有大專以上學歷人口佔比約為36%，相較全國，是高學歷人口佔比偏低的村里。綜合所得中位數為35.2萬元，相較全國，是收入較低的村里。"
10008060004,"2024年總統大選結果：該區和全國結果相同，由民進黨賴清德以44.5%的得票率領先，第二高票為國民黨侯友宜，拿下33.8%，兩人相差10.7個百分點。第三高票為民眾黨柯文哲，得票率達21.7%。
歷史選舉對比：2020年總統大選時，該區由民進黨蔡英文領先，得票率達58.4％；2016年總統大選該區也同樣支持民進黨，蔡英文得票率達60.7%。
2024年立委選舉：南投縣名間鄉濁水村所屬的南投縣第2選區，民進黨蔡培慧以54.4%領先，國民黨游顥以得票率43.4%為第二高票。政黨票方面，民進黨以41.7％在該區取得領先，其後為國民黨35.3%、民眾黨17.4%。
社會經濟背景：該區39歲以下人口佔比約29.4%，相較全國，是較年長的村里。具有大專以上學歷人口佔比約為34.9%，相較全國，是高學歷人口佔比偏低的村里。綜合所得中位數為39.5萬元，相較全國，是收入較低的村里。"
10008060005,"2024年總統大選結果：該區和全國結果相同，由民進黨賴清德以43.4%的得票率領先，第二高票為國民黨侯友宜，拿下31%，兩人相差12.4個百分點。第三高票為民眾黨柯文哲，得票率達25.7%。
歷史選舉對比：2020年總統大選時，該區由民進黨蔡英文領先，得票率達60.6％；2016年總統大選該區也同樣支持民進黨，蔡英文得票率達62.5%。
2024年立委選舉：南投縣名間鄉炭寮村所屬的南投縣第2選區，民進黨蔡培慧以57%領先，國民黨游顥以得票率40.5%為第二高票。政黨票方面，民進黨以40.7％在該區取得領先，其後為國民黨34.5%、民眾黨17.6%。
社會經濟背景：該區39歲以下人口佔比約26.6%，相較全國，是較年長的村里。具有大專以上學歷人口佔比約為31.3%，相較全國，是高學歷人口佔比偏低的村里。綜合所得中位數為39.3萬元，相較全國，是收入較低的村里。"
10008060006,"2024年總統大選結果：該區和全國結果相同，由民進黨賴清德以48%的得票率領先，第二高票為國民黨侯友宜，拿下31.7%，兩人相差16.3個百分點。第三高票為民眾黨柯文哲，得票率達20.3%。
歷史選舉對比：2020年總統大選時，該區由民進黨蔡英文領先，得票率達60.4％；2016年總統大選該區也同樣支持民進黨，蔡英文得票率達60.7%。
2024年立委選舉：南投縣名間鄉新民村所屬的南投縣第2選區，民進黨蔡培慧以54.9%領先，國民黨游顥以得票率43.2%為第二高票。政黨票方面，民進黨以44.2％在該區取得領先，其後為國民黨33.2%、民眾黨16.8%。
社會經濟背景：該區39歲以下人口佔比約27.5%，相較全國，是較年長的村里。具有大專以上學歷人口佔比約為28.1%，相較全國，是高學歷人口佔比偏低的村里。綜合所得中位數為37.2萬元，相較全國，是收入較低的村里。"
10008060007,"2024年總統大選結果：該區和全國結果相同，由民進黨賴清德以43.5%的得票率領先，第二高票為國民黨侯友宜，拿下30.1%，兩人相差13.4個百分點。第三高票為民眾黨柯文哲，得票率達26.3%。
歷史選舉對比：2020年總統大選時，該區由民進黨蔡英文領先，得票率達60.4％；2016年總統大選該區也同樣支持民進黨，蔡英文得票率達62.6%。
2024年立委選舉：南投縣名間鄉新街村所屬的南投縣第2選區，民進黨蔡培慧以54.8%領先，國民黨游顥以得票率42.8%為第二高票。政黨票方面，民進黨以40％在該區取得領先，其後為國民黨32.2%、民眾黨21.9%。
社會經濟背景：該區39歲以下人口佔比約32.6%，相較全國，是較年輕的村里。具有大專以上學歷人口佔比約為36%，相較全國，是高學歷人口佔比偏低的村里。綜合所得中位數為37.4萬元，相較全國，是收入較低的村里。"
10008060008,"2024年總統大選結果：該區和全國結果相同，由民進黨賴清德以45.2%的得票率領先，第二高票為國民黨侯友宜，拿下29%，兩人相差16.2個百分點。第三高票為民眾黨柯文哲，得票率達25.8%。
歷史選舉對比：2020年總統大選時，該區由民進黨蔡英文領先，得票率達60.5％；2016年總統大選該區也同樣支持民進黨，蔡英文得票率達63.2%。
2024年立委選舉：南投縣名間鄉東湖村所屬的南投縣第2選區，民進黨蔡培慧以55.5%領先，國民黨游顥以得票率41.4%為第二高票。政黨票方面，民進黨以40.8％在該區取得領先，其後為國民黨32.5%、民眾黨19.9%。
社會經濟背景：該區39歲以下人口佔比約30.6%，相較全國，是較年長的村里。具有大專以上學歷人口佔比約為32%，相較全國，是高學歷人口佔比偏低的村里。綜合所得中位數為38.1萬元，相較全國，是收入較低的村里。"
10008060009,"2024年總統大選結果：該區和全國結果相同，由民進黨賴清德以51.6%的得票率領先，第二高票為國民黨侯友宜，拿下25.1%，兩人相差26.5個百分點。第三高票為民眾黨柯文哲，得票率達23.4%。
歷史選舉對比：2020年總統大選時，該區由民進黨蔡英文領先，得票率達64.8％；2016年總統大選該區也同樣支持民進黨，蔡英文得票率達67.5%。
2024年立委選舉：南投縣名間鄉萬丹村所屬的南投縣第2選區，民進黨蔡培慧以64.5%領先，國民黨游顥以得票率32%為第二高票。政黨票方面，民進黨以49.8％在該區取得領先，其後為國民黨25.3%、民眾黨18.8%。
社會經濟背景：該區39歲以下人口佔比約26.9%，相較全國，是較年長的村里。具有大專以上學歷人口佔比約為30.4%，相較全國，是高學歷人口佔比偏低的村里。綜合所得中位數為32萬元，相較全國，是收入較低的村里。"
10008060010,"2024年總統大選結果：該區和全國結果相同，由民進黨賴清德以50.4%的得票率領先，第二高票為國民黨侯友宜，拿下26.4%，兩人相差24個百分點。第三高票為民眾黨柯文哲，得票率達23.2%。
歷史選舉對比：2020年總統大選時，該區由民進黨蔡英文領先，得票率達64.4％；2016年總統大選該區也同樣支持民進黨，蔡英文得票率達66.8%。
2024年立委選舉：南投縣名間鄉田仔村所屬的南投縣第2選區，民進黨蔡培慧以58.7%領先，國民黨游顥以得票率38.7%為第二高票。政黨票方面，民進黨以46.3％在該區取得領先，其後為國民黨28.7%、民眾黨19.4%。
社會經濟背景：該區39歲以下人口佔比約27.3%，相較全國，是較年長的村里。具有大專以上學歷人口佔比約為31.3%，相較全國，是高學歷人口佔比偏低的村里。綜合所得中位數為40.9萬元，接近全國平均。"
10008060011,"2024年總統大選結果：該區和全國結果不同，第一高票由民進黨賴清德以得票率52%領先，接著為民眾黨柯文哲，拿下得票率24.8%，跟第一高票相差27.2個百分點。第三高票為國民黨侯友宜，得票率達23.2%。
歷史選舉對比：2020年總統大選時，該區由民進黨蔡英文領先，得票率達69.3％；2016年總統大選該區也同樣支持民進黨，蔡英文得票率達71.9%。
2024年立委選舉：南投縣名間鄉大庄村所屬的南投縣第2選區，民進黨蔡培慧以64.5%領先，國民黨游顥以得票率33.2%為第二高票。政黨票方面，民進黨以49.8％在該區取得領先，其後為國民黨25%、民眾黨19.2%。
社會經濟背景：該區39歲以下人口佔比約31.6%，相較全國，是較年輕的村里。具有大專以上學歷人口佔比約為34.4%，相較全國，是高學歷人口佔比偏低的村里。綜合所得中位數為39.6萬元，相較全國，是收入較低的村里。"
10008060012,"2024年總統大選結果：該區和全國結果相同，由民進黨賴清德以44.5%的得票率領先，第二高票為國民黨侯友宜，拿下29.6%，兩人相差14.9個百分點。第三高票為民眾黨柯文哲，得票率達25.9%。
歷史選舉對比：2020年總統大選時，該區由民進黨蔡英文領先，得票率達60.7％；2016年總統大選該區也同樣支持民進黨，蔡英文得票率達62%。
2024年立委選舉：南投縣名間鄉廍下村所屬的南投縣第2選區，民進黨蔡培慧以55.8%領先，國民黨游顥以得票率41.7%為第二高票。政黨票方面，民進黨以41.1％在該區取得領先，其後為國民黨32.7%、民眾黨20.1%。
社會經濟背景：該區39歲以下人口佔比約28.9%，相較全國，是較年長的村里。具有大專以上學歷人口佔比約為32.7%，相較全國，是高學歷人口佔比偏低的村里。綜合所得中位數為38.4萬元，相較全國，是收入較低的村里。"
10008060013,"2024年總統大選結果：該區和全國結果相同，由民進黨賴清德以54.2%的得票率領先，第二高票為國民黨侯友宜，拿下24.1%，兩人相差30.1個百分點。第三高票為民眾黨柯文哲，得票率達21.7%。
歷史選舉對比：2020年總統大選時，該區由民進黨蔡英文領先，得票率達66.1％；2016年總統大選該區也同樣支持民進黨，蔡英文得票率達67.7%。
2024年立委選舉：南投縣名間鄉大坑村所屬的南投縣第2選區，民進黨蔡培慧以64.6%領先，國民黨游顥以得票率33.4%為第二高票。政黨票方面，民進黨以47.2％在該區取得領先，其後為國民黨27.5%、民眾黨16.9%。
社會經濟背景：該區39歲以下人口佔比約30.2%，相較全國，是較年長的村里。具有大專以上學歷人口佔比約為36.1%，相較全國，是高學歷人口佔比偏低的村里。綜合所得中位數為27.6萬元，相較全國，是收入較低的村里。"
10008060014,"2024年總統大選結果：該區和全國結果相同，由民進黨賴清德以52.6%的得票率領先，第二高票為國民黨侯友宜，拿下28.2%，兩人相差24.4個百分點。第三高票為民眾黨柯文哲，得票率達19.2%。
歷史選舉對比：2020年總統大選時，該區由民進黨蔡英文領先，得票率達66.7％；2016年總統大選該區也同樣支持民進黨，蔡英文得票率達69.2%。
2024年立委選舉：南投縣名間鄉竹圍村所屬的南投縣第2選區，民進黨蔡培慧以58.7%領先，國民黨游顥以得票率38%為第二高票。政黨票方面，民進黨以48.1％在該區取得領先，其後為國民黨29.8%、民眾黨16.6%。
社會經濟背景：該區39歲以下人口佔比約24.8%，相較全國，是較年長的村里。具有大專以上學歷人口佔比約為32.7%，相較全國，是高學歷人口佔比偏低的村里。綜合所得中位數為36.6萬元，相較全國，是收入較低的村里。"
10008060015,"2024年總統大選結果：該區和全國結果相同，由民進黨賴清德以47.1%的得票率領先，第二高票為國民黨侯友宜，拿下34%，兩人相差13.1個百分點。第三高票為民眾黨柯文哲，得票率達18.9%。
歷史選舉對比：2020年總統大選時，該區由民進黨蔡英文領先，得票率達61.7％；2016年總統大選該區也同樣支持民進黨，蔡英文得票率達66.8%。
2024年立委選舉：南投縣名間鄉赤水村所屬的南投縣第2選區，民進黨蔡培慧以52.1%領先，國民黨游顥以得票率46.2%為第二高票。政黨票方面，民進黨以42.7％在該區取得領先，其後為國民黨35.7%、民眾黨13.8%。
社會經濟背景：該區39歲以下人口佔比約26.9%，相較全國，是較年長的村里。具有大專以上學歷人口佔比約為32%，相較全國，是高學歷人口佔比偏低的村里。綜合所得中位數為41.3萬元，接近全國平均。"
10008060016,"2024年總統大選結果：該區和全國結果相同，由民進黨賴清德以41.8%的得票率領先，第二高票為國民黨侯友宜，拿下32.4%，兩人相差9.4個百分點。第三高票為民眾黨柯文哲，得票率達25.8%。
歷史選舉對比：2020年總統大選時，該區由民進黨蔡英文領先，得票率達61.4％；2016年總統大選該區也同樣支持民進黨，蔡英文得票率達63.6%。
2024年立委選舉：南投縣名間鄉三崙村所屬的南投縣第2選區，民進黨蔡培慧以50.4%領先，國民黨游顥以得票率48.2%為第二高票。政黨票方面，民進黨以38.4％在該區取得領先，其後為國民黨35.5%、民眾黨19.1%。
社會經濟背景：該區39歲以下人口佔比約31.8%，相較全國，是較年輕的村里。具有大專以上學歷人口佔比約為34.6%，相較全國，是高學歷人口佔比偏低的村里。綜合所得中位數為40.9萬元，接近全國平均。"
10008060017,"2024年總統大選結果：該區和全國結果相同，由民進黨賴清德以46.2%的得票率領先，第二高票為國民黨侯友宜，拿下29.2%，兩人相差17個百分點。第三高票為民眾黨柯文哲，得票率達24.6%。
歷史選舉對比：2020年總統大選時，該區由民進黨蔡英文領先，得票率達62.1％；2016年總統大選該區也同樣支持民進黨，蔡英文得票率達61.9%。
2024年立委選舉：南投縣名間鄉松山村所屬的南投縣第2選區，民進黨蔡培慧以55.8%領先，國民黨游顥以得票率41.8%為第二高票。政黨票方面，民進黨以41.6％在該區取得領先，其後為國民黨32%、民眾黨19.4%。
社會經濟背景：該區39歲以下人口佔比約30.2%，相較全國，是較年長的村里。具有大專以上學歷人口佔比約為40.2%，相較全國，是高學歷人口佔比偏低的村里。綜合所得中位數為41萬元，接近全國平均。"
10008060018,"2024年總統大選結果：該區和全國結果不同，第一高票由民進黨賴清德以得票率44.4%領先，接著為民眾黨柯文哲，拿下得票率30.8%，跟第一高票相差13.6個百分點。第三高票為國民黨侯友宜，得票率達24.8%。
歷史選舉對比：2020年總統大選時，該區由民進黨蔡英文領先，得票率達68.2％；2016年總統大選該區也同樣支持民進黨，蔡英文得票率達68%。
2024年立委選舉：南投縣名間鄉松柏村所屬的南投縣第2選區，民進黨蔡培慧以62.2%領先，國民黨游顥以得票率35.1%為第二高票。政黨票方面，民進黨以39.2％在該區取得領先，其後為國民黨28.4%、民眾黨24.9%。
社會經濟背景：該區39歲以下人口佔比約33%，相較全國，是較年輕的村里。具有大專以上學歷人口佔比約為38.5%，相較全國，是高學歷人口佔比偏低的村里。綜合所得中位數為37.4萬元，相較全國，是收入較低的村里。"
10008060019,"2024年總統大選結果：該區和全國結果不同，第一高票由民進黨賴清德以得票率46.5%領先，接著為民眾黨柯文哲，拿下得票率27%，跟第一高票相差19.5個百分點。第三高票為國民黨侯友宜，得票率達26.5%。
歷史選舉對比：2020年總統大選時，該區由民進黨蔡英文領先，得票率達58.9％；2016年總統大選該區也同樣支持民進黨，蔡英文得票率達66.7%。
2024年立委選舉：南投縣名間鄉埔中村所屬的南投縣第2選區，民進黨蔡培慧以59.9%領先，國民黨游顥以得票率38.6%為第二高票。政黨票方面，民進黨以44.2％在該區取得領先，其後為國民黨31.9%、民眾黨16.7%。
社會經濟背景：該區39歲以下人口佔比約28.5%，相較全國，是較年長的村里。具有大專以上學歷人口佔比約為34.8%，相較全國，是高學歷人口佔比偏低的村里。綜合所得中位數為31.2萬元，相較全國，是收入較低的村里。"
10008060020,"2024年總統大選結果：該區和全國結果不同，第一高票由國民黨侯友宜以得票率38.4%領先，接著為民進黨賴清德，拿下得票率33.8%，跟第一高票相差4.6個百分點。第三高票為民眾黨柯文哲，得票率達27.8%。
歷史選舉對比：2020年總統大選時，該區由民進黨蔡英文領先，得票率達54.1％；2016年總統大選該區也同樣支持民進黨，蔡英文得票率達51.5%。
2024年立委選舉：南投縣名間鄉崁腳村所屬的南投縣第2選區，國民黨游顥以50.2%領先，民進黨蔡培慧以得票率46.3%為第二高票。政黨票方面，國民黨以39.7％在該區取得領先，其後為民進黨33.4%、民眾黨18.6%。
社會經濟背景：該區39歲以下人口佔比約30.2%，相較全國，是較年長的村里。具有大專以上學歷人口佔比約為37%，相較全國，是高學歷人口佔比偏低的村里。綜合所得中位數為34.1萬元，相較全國，是收入較低的村里。"
10008060021,"2024年總統大選結果：該區和全國結果相同，由民進黨賴清德以42.8%的得票率領先，第二高票為國民黨侯友宜，拿下35.1%，兩人相差7.7個百分點。第三高票為民眾黨柯文哲，得票率達22.1%。
歷史選舉對比：2020年總統大選時，該區由民進黨蔡英文領先，得票率達53.5％；2016年總統大選該區也同樣支持民進黨，蔡英文得票率達59%。
2024年立委選舉：南投縣名間鄉新厝村所屬的南投縣第2選區，國民黨游顥以49%領先，民進黨蔡培慧以得票率48.4%為第二高票。政黨票方面，國民黨以37.9％在該區取得領先，其後為民進黨37.7%、民眾黨19.2%。
社會經濟背景：該區39歲以下人口佔比約26.9%，相較全國，是較年長的村里。具有大專以上學歷人口佔比約為35.9%，相較全國，是高學歷人口佔比偏低的村里。綜合所得中位數為37.2萬元，相較全國，是收入較低的村里。"
10008060022,"2024年總統大選結果：該區和全國結果相同，由民進黨賴清德以42.5%的得票率領先，第二高票為國民黨侯友宜，拿下30.9%，兩人相差11.6個百分點。第三高票為民眾黨柯文哲，得票率達26.7%。
歷史選舉對比：2020年總統大選時，該區由民進黨蔡英文領先，得票率達61.6％；2016年總統大選該區也同樣支持民進黨，蔡英文得票率達63.4%。
2024年立委選舉：南投縣名間鄉新光村所屬的南投縣第2選區，民進黨蔡培慧以53.6%領先，國民黨游顥以得票率43.6%為第二高票。政黨票方面，民進黨以37.7％在該區取得領先，其後為國民黨34.1%、民眾黨22.6%。
社會經濟背景：該區39歲以下人口佔比約28.9%，相較全國，是較年長的村里。具有大專以上學歷人口佔比約為35.2%，相較全國，是高學歷人口佔比偏低的村里。綜合所得中位數為38.1萬元，相較全國，是收入較低的村里。"
10008060023,"2024年總統大選結果：該區和全國結果不同，第一高票由國民黨侯友宜以得票率42.1%領先，接著為民進黨賴清德，拿下得票率33.7%，跟第一高票相差8.4個百分點。第三高票為民眾黨柯文哲，得票率達24.1%。
歷史選舉對比：2020年總統大選時，該區由由國民黨韓國瑜領先，得票率達48.1％；2016年總統大選該區則由民進黨蔡英文領先，得票率達51.7%。這反映出該區選民的投票傾向有所變化。
2024年立委選舉：南投縣名間鄉仁和村所屬的南投縣第2選區，國民黨游顥以54.1%領先，民進黨蔡培慧以得票率43.8%為第二高票。政黨票方面，國民黨以46.5％在該區取得領先，其後為民進黨30.2%、民眾黨15.7%。
社會經濟背景：該區39歲以下人口佔比約29.5%，相較全國，是較年長的村里。具有大專以上學歷人口佔比約為28.2%，相較全國，是高學歷人口佔比偏低的村里。綜合所得中位數為36.2萬元，相較全國，是收入較低的村里。"
